" 3","NEIN","JA  ","JA  ","JA  ","NEIN"," 51"
4
4
1
1
1
1
1
4
4
4
1
4
4
4
1
4
4
1
4
4
4
4
1
1
4
4
1
4
1
1
1
1
4
4
1
1
1
4
1
1
1
1
1
1
4
1
4
4
1
1
1
6
1
1
1
4
1
1
4
4
4
4
1
1
1
1
5
5
5
5
1
1
4
4
1
1
1
1
4
1
1
2
5
5
5
5
7
7
7
7
7
7
7
0
0
4
4
5
5
5
5
5
7
7
7
7
7
7
7
0
0
4
1
5
5
5
5
5
5
5
5
5
5
5
1
0
0
1
1
1
6
1
7
1
1
5
5
5
5
5
1
0
0
4
4
1
7
7
7
7
7
7
7
7
7
7
1
0
0
1
1
5
5
5
5
5
1
0
0
0
0
0
0
0
0
4
1
5
2
5
5
5
1
0
0
0
0
0
0
0
0
1
1
5
5
5
5
5
1
0
0
0
0
7
7
7
7
1
1
5
5
5
5
5
7
0
0
0
0
7
0
0
0
1
1
5
5
5
6
5
1
0
0
0
0
7
0
0
0
1
1
5
5
5
5
5
7
0
0
0
0
7
0
0
0
1
4
4
7
7
1
1
1
0
0
0
0
7
0
0
0
1
4
5
5
5
5
5
1
0
0
0
0
1
0
0
8
1
4
5
5
5
5
5
1
0
0
0
0
1
0
0
0
1
1
5
5
5
5
5
7
0
0
0
0
1
0
0
0
1
1
5
5
5
5
5
7
0
0
0
0
1
0
0
0
1
1
5
5
5
5
5
1
1
7
1
1
1
0
0
0
1
1
5
5
5
5
5
5
5
5
5
1
1
0
0
0
1
1
5
5
5
2
5
5
5
5
5
7
0
0
0
0
1
1
5
5
5
5
5
5
5
5
5
7
0
0
0
0
1
1
5
5
5
5
7
7
7
7
7
7
0
0
0
0
1
1
5
5
5
5
7
0
0
0
0
0
0
0
0
0
1
1
5
5
5
5
7
0
0
0
0
0
0
0
0
0
1
1
1
1
1
1
1
1
1
1
1
1
1
1
1
1
1
