" 38","NEIN","JA  ","JA  ","JA  ","NEIN"," 11"
1
1
1
1
0
0
1
1
1
1
1
1
1
1
1
1
1
0
0
1
1
1
1
0
0
2
4
4
1
7
8
1
1
0
5
1
7
0
0
0
7
1
1
1
5
7
0
1
1
0
0
7
7
1
1
1
7
7
7
7
5
7
0
1
1
0
0
1
7
1
7
7
7
1
1
4
5
1
0
1
1
0
0
1
7
7
7
1
1
4
1
1
7
7
0
1
1
1
7
1
1
1
1
1
4
1
4
1
1
1
0
1
1
0
0
1
1
4
4
1
4
1
5
5
5
1
1
1
1
0
0
0
1
1
1
4
1
7
5
4
5
7
1
1
1
0
0
0
0
1
1
1
1
7
5
5
5
7
7
1
1
0
0
0
0
0
1
4
1
7
5
1
5
7
7
1
1
0
0
0
0
0
1
4
1
7
5
5
5
7
7
1
1
0
0
0
0
0
4
1
6
7
5
1
5
7
7
1
1
0
0
0
0
0
1
1
6
7
5
5
5
7
7
1
1
0
0
4
1
1
1
1
6
7
5
1
5
7
7
1
1
0
1
1
4
4
6
6
6
7
5
5
5
7
7
1
1
0
7
0
2
7
6
6
6
7
5
4
5
7
7
1
1
5
1
1
1
1
6
6
6
7
5
5
5
7
7
1
1
0
1
5
6
1
4
6
6
7
5
1
5
7
7
1
1
0
0
5
6
6
1
1
6
7
5
5
5
7
7
1
1
0
1
1
1
6
6
1
1
7
5
1
5
7
7
1
1
0
1
5
6
6
6
6
4
1
5
5
5
7
7
1
1
5
1
1
6
6
6
6
6
4
1
1
1
1
7
1
1
0
7
1
1
6
6
6
6
7
7
7
7
7
7
1
1
0
7
7
1
1
6
6
6
7
4
1
1
1
7
1
1
5
5
7
7
1
1
6
6
7
7
7
7
7
7
1
1
5
5
5
7
7
1
1
1
1
1
1
1
1
7
1
1
5
5
5
7
7
7
7
7
7
7
7
7
7
7
1
1
1
1
1
1
1
1
1
1
1
1
1
1
1
1
1
