" 22","NEIN","NEIN","JA  ","JA  ","NEIN"," 85"
1
1
1
1
1
1
4
4
1
4
1
1
4
1
1
1
1
5
5
5
7
1
1
1
4
1
1
1
0
7
0
4
1
5
5
5
7
0
0
0
0
0
0
0
0
7
0
1
1
5
5
5
7
1
1
1
1
1
1
1
0
7
0
1
1
5
5
5
7
7
7
2
0
0
0
1
0
1
6
1
1
5
5
5
7
4
1
0
6
6
0
1
0
1
6
1
1
5
5
5
7
4
1
0
6
6
0
1
0
1
6
1
1
5
5
5
7
4
1
0
6
6
0
1
0
4
6
4
1
5
5
5
7
1
1
0
0
0
0
1
0
1
6
1
1
5
5
5
7
1
4
0
0
1
1
1
0
1
6
1
1
5
5
5
7
1
1
0
0
0
0
0
0
1
6
1
1
5
5
5
7
4
4
1
1
1
1
1
0
4
1
1
1
5
5
5
7
1
4
4
4
1
4
1
0
0
0
4
1
5
5
5
7
1
1
1
1
1
4
1
0
0
1
1
1
5
2
5
7
4
5
5
6
4
1
1
0
0
0
1
1
5
5
5
7
1
5
5
6
1
4
0
0
0
0
1
1
5
5
5
7
1
5
5
6
1
0
0
0
0
0
4
1
5
5
5
7
1
5
5
6
7
0
0
0
0
0
4
1
5
5
5
7
1
5
5
6
7
0
0
0
0
0
1
1
5
5
5
7
1
5
5
6
7
0
0
0
0
0
4
1
5
5
5
7
1
5
5
6
7
0
0
0
0
0
4
1
5
5
5
7
1
1
1
1
1
1
1
1
7
1
1
1
5
5
5
7
0
0
0
0
0
0
0
0
5
1
1
1
5
5
5
7
1
1
1
1
1
1
0
0
0
1
1
1
5
5
5
7
1
1
1
1
4
1
1
0
0
0
1
1
5
5
5
7
7
7
7
7
6
6
0
1
1
0
1
1
5
5
5
7
7
7
7
7
6
6
5
7
7
0
4
1
5
5
5
7
7
7
7
7
6
6
0
1
5
8
1
1
1
1
1
1
1
1
1
1
1
1
1
4
4
1
1
