" 54","JA  ","NEIN","JA  ","JA  ","NEIN"," 21"
1
1
1
1
1
4
1
4
1
1
1
4
1
1
4
4
1
5
1
1
1
1
1
1
1
6
1
1
1
1
1
1
1
5
5
7
0
0
0
0
0
0
7
1
1
7
8
1
1
5
5
7
7
0
0
0
0
0
0
0
0
7
0
1
1
5
5
5
7
7
0
0
0
0
0
0
0
7
0
1
1
5
5
5
5
7
7
0
0
0
0
0
0
7
0
1
1
5
5
5
5
5
7
7
0
0
0
0
0
7
0
1
1
5
5
5
5
5
5
7
7
0
0
0
0
7
0
1
1
5
5
5
5
5
5
5
7
7
7
7
7
7
7
1
1
5
6
5
5
5
5
5
5
7
7
7
1
1
1
1
1
1
6
6
5
5
5
5
5
7
7
1
4
1
4
1
1
1
1
6
6
5
5
5
5
7
1
1
0
0
1
1
1
4
1
1
6
6
5
5
5
7
1
6
0
0
1
4
1
1
6
1
1
6
5
5
5
7
1
6
2
0
1
1
4
1
6
6
1
5
7
7
7
7
7
6
2
0
4
1
4
1
6
6
1
7
0
7
7
7
1
6
0
0
1
1
1
1
6
6
1
1
0
0
7
7
1
1
1
7
4
1
1
6
6
6
5
1
1
0
0
7
7
7
1
7
1
4
1
6
6
6
5
5
1
1
0
0
7
7
1
7
6
1
1
6
6
6
5
5
5
1
1
0
0
1
1
7
6
1
1
6
6
6
5
5
5
5
1
1
7
1
0
7
6
1
1
6
6
6
5
5
5
5
6
0
0
0
0
7
6
1
1
6
6
6
5
5
5
5
1
1
1
0
0
7
6
1
1
6
6
6
5
5
5
1
1
2
4
1
0
7
6
1
1
1
6
5
5
5
1
4
1
0
0
4
1
1
6
1
4
1
6
6
5
4
1
1
4
1
0
0
7
7
6
1
4
4
4
6
7
7
7
7
7
7
7
7
7
7
1
1
1
1
1
7
7
7
1
1
1
7
7
7
7
1
1
1
4
4
1
1
1
1
1
4
4
1
1
1
1
1
1
4
