" 47","NEIN","NEIN","JA  ","JA  ","NEIN"," 31"
4
1
4
4
4
4
4
4
4
4
1
1
4
1
1
1
1
1
1
4
1
1
4
4
1
1
1
4
1
1
1
1
1
4
4
6
1
4
1
1
1
1
1
8
1
0
0
1
4
4
4
5
5
5
7
0
0
0
0
0
0
0
0
1
1
1
1
1
1
1
1
0
0
0
0
0
0
0
0
1
1
6
6
5
5
5
7
0
0
0
0
0
0
0
0
1
1
6
6
5
5
5
7
0
0
0
0
0
0
0
0
1
1
6
6
5
5
5
7
0
0
0
0
0
0
0
0
1
1
6
6
5
5
5
7
7
7
7
7
7
7
7
1
4
1
6
6
5
5
5
7
0
0
0
0
0
0
0
1
1
1
6
6
5
5
5
7
0
0
0
0
0
0
1
1
4
1
6
6
5
5
5
7
0
0
0
0
0
1
1
4
4
1
6
6
5
5
5
5
7
0
0
0
1
1
4
1
4
1
6
6
5
5
5
5
5
7
0
0
1
4
4
4
1
1
6
6
5
5
5
5
5
7
7
0
1
4
1
1
4
1
6
6
5
5
5
5
5
7
7
7
1
4
1
4
4
1
6
6
5
5
5
5
5
7
7
1
1
1
4
1
4
1
6
6
5
5
5
5
5
7
7
1
4
1
4
1
4
1
6
6
5
5
5
5
5
7
7
1
4
1
1
4
4
1
6
6
5
5
5
5
5
7
7
1
1
1
4
4
4
1
6
6
5
5
5
5
5
7
7
7
1
1
4
4
1
1
6
6
5
5
5
5
5
7
7
0
0
1
1
1
4
1
6
6
5
5
5
5
2
7
0
0
0
0
1
1
4
1
6
6
5
5
5
5
7
0
0
0
0
0
0
1
4
1
6
6
5
5
5
7
0
0
0
0
0
0
0
2
1
1
6
6
5
5
5
7
0
0
0
0
0
0
0
1
1
1
6
6
5
5
5
7
0
0
0
0
0
0
0
1
1
1
6
6
5
5
5
7
0
0
0
0
0
0
0
1
1
1
1
1
1
1
1
1
1
1
1
1
1
1
1
1
1
