" 44","NEIN","NEIN","JA  ","JA  ","JA  "," 1"
1
1
1
1
1
1
1
1
1
1
1
4
4
1
4
4
1
7
7
7
7
7
7
7
7
7
1
1
4
4
4
1
1
7
5
5
1
7
7
7
1
7
7
1
1
1
4
4
1
7
5
5
1
6
6
7
1
7
7
7
4
1
4
1
1
7
5
5
1
6
6
5
1
1
1
7
1
4
1
4
1
7
5
5
1
6
6
5
5
0
1
7
1
1
1
1
1
7
5
5
1
6
6
5
5
0
1
7
7
5
1
4
1
7
5
5
1
6
6
5
5
0
1
1
7
5
1
1
1
7
5
5
1
6
6
5
5
0
2
1
7
5
1
1
1
7
5
5
1
6
6
5
5
0
0
1
7
5
1
4
1
7
5
5
1
6
6
5
5
0
0
1
7
5
1
1
1
7
5
5
1
6
6
5
5
0
0
1
7
5
5
1
1
7
5
5
1
6
6
5
5
0
0
1
7
5
5
1
1
7
5
5
1
6
6
5
5
0
0
1
7
5
5
1
1
7
5
5
1
6
6
5
5
0
0
0
7
5
5
1
1
7
5
5
1
6
6
5
5
0
0
0
7
5
5
1
1
7
5
5
1
6
6
5
5
0
0
1
7
5
5
1
1
7
5
5
1
6
6
5
5
0
0
1
7
5
5
1
1
7
5
5
1
6
6
5
5
0
0
0
7
5
5
1
1
7
5
5
1
6
6
5
5
0
0
1
7
5
5
1
1
7
5
5
1
6
6
5
5
0
0
1
7
5
5
1
1
7
5
5
1
6
6
5
5
0
0
1
7
5
5
1
1
7
5
5
1
6
6
5
5
0
0
1
7
5
5
1
1
7
5
5
1
6
6
5
5
0
0
0
7
5
5
1
1
7
5
5
1
6
6
7
5
0
2
0
7
5
5
1
1
7
5
5
1
1
1
7
1
1
0
0
7
5
5
1
1
7
1
1
1
8
1
7
1
1
0
1
7
5
5
1
1
7
7
7
7
7
7
7
7
7
7
7
7
5
5
1
1
1
1
1
1
1
1
1
1
1
1
1
1
1
1
1
