" 47","NEIN","JA  ","JA  ","JA  ","JA  "," 23"
1
1
1
1
1
1
1
1
1
1
1
1
1
1
1
1
1
1
1
0
0
0
0
0
7
5
5
5
5
5
5
1
1
1
0
0
0
0
0
0
1
1
1
5
5
5
5
1
1
8
0
0
0
0
0
0
0
1
1
5
5
5
5
1
1
0
0
0
0
0
0
0
0
1
1
5
5
6
5
1
1
0
0
0
0
0
0
0
0
1
1
1
5
6
5
1
1
0
0
0
0
0
0
0
0
7
0
7
5
6
5
1
1
0
0
0
0
0
0
0
0
7
0
7
5
6
5
1
1
0
0
0
0
0
0
0
1
1
1
1
5
5
5
1
1
0
0
0
0
0
0
1
1
0
0
1
1
5
5
1
1
0
0
0
0
0
1
1
0
0
0
0
1
7
1
4
1
0
0
0
0
1
1
0
0
0
0
0
7
7
4
4
1
1
0
0
1
1
0
0
0
0
0
0
7
7
1
1
1
1
1
4
1
0
0
0
0
2
0
0
7
5
5
1
4
1
4
1
0
0
0
0
0
0
0
0
7
5
5
1
1
4
1
1
1
0
0
0
0
0
0
0
7
5
5
1
1
1
1
4
1
0
0
0
0
0
0
0
7
5
5
1
1
6
6
5
1
1
7
1
1
1
1
1
7
7
1
1
1
6
6
6
5
1
7
5
5
5
5
5
1
7
1
1
1
6
6
6
6
5
7
5
5
5
5
1
1
7
5
1
1
6
6
6
6
6
7
5
5
5
5
1
7
7
5
1
1
6
6
6
6
6
7
5
5
5
1
1
5
1
5
1
1
6
2
6
6
6
7
5
5
7
7
5
5
7
6
1
1
6
6
6
6
6
7
5
1
1
5
5
5
7
6
1
1
6
6
6
6
6
7
5
7
5
5
5
5
1
6
1
1
6
6
6
6
5
7
5
7
5
5
5
5
7
6
1
1
6
6
6
5
5
7
5
7
5
5
5
5
7
6
1
1
6
6
5
5
5
7
1
1
5
5
5
5
7
6
1
1
1
1
1
1
1
1
1
1
1
1
1
1
1
1
1
