" 21","NEIN","JA  ","JA  ","JA  ","NEIN"," 25"
1
1
1
1
1
1
1
1
1
1
1
1
1
1
1
1
1
7
7
7
7
7
7
7
1
1
2
6
6
6
6
1
1
7
7
7
7
7
7
7
7
1
1
1
6
6
6
1
1
7
7
7
7
7
7
7
7
7
7
7
6
6
6
1
1
7
7
7
7
7
7
7
7
7
7
7
7
6
6
1
1
7
7
7
7
7
7
7
7
7
7
7
7
7
6
1
1
5
1
1
7
7
7
7
7
7
7
7
7
7
6
1
1
5
5
1
1
7
7
7
7
7
7
7
7
1
1
1
1
5
5
5
1
1
7
7
7
7
7
7
7
7
8
4
1
1
5
5
5
1
7
7
7
7
7
7
1
4
1
1
1
1
1
1
5
7
5
1
1
7
7
7
1
4
1
1
1
6
6
1
5
5
5
7
7
7
1
1
4
1
1
1
1
6
6
1
5
5
5
7
1
1
4
4
1
4
4
1
1
6
6
1
5
5
5
7
7
1
1
1
1
1
1
1
1
6
5
1
4
5
5
7
7
0
0
0
0
0
0
4
1
5
5
5
1
1
5
7
7
0
0
0
0
0
0
1
1
5
5
5
5
5
7
7
7
0
0
0
0
0
4
1
1
5
5
5
5
5
1
4
7
0
0
0
0
0
1
1
1
5
5
5
1
1
4
1
1
0
0
0
0
0
1
1
1
0
5
1
1
5
5
5
7
0
0
0
2
0
1
4
1
0
5
1
5
5
5
5
7
0
0
0
0
0
1
1
1
0
5
1
5
5
5
5
7
0
0
0
0
0
1
1
1
0
5
1
5
5
5
5
7
0
0
0
0
0
1
4
1
0
5
1
5
5
5
5
7
0
0
0
0
0
4
1
1
5
1
1
5
5
5
5
7
0
0
0
0
7
1
4
1
5
1
5
5
5
5
5
7
0
7
7
7
7
4
1
1
5
5
5
5
5
5
5
7
0
7
1
1
1
1
4
1
5
5
5
5
5
5
5
7
7
7
1
4
4
1
1
1
1
1
1
1
1
1
1
1
1
1
4
1
1
4
4
