" 38","NEIN","NEIN","JA  ","JA  ","NEIN"," 61"
1
1
1
1
1
1
1
1
1
1
1
1
1
1
1
1
1
0
0
0
0
0
0
0
0
0
0
0
0
0
0
1
1
0
0
1
1
1
1
1
0
0
0
0
0
0
0
1
1
0
0
6
1
6
6
1
0
0
0
0
0
0
0
1
1
0
0
1
1
6
6
4
4
4
1
4
4
4
1
4
1
0
0
6
1
6
6
1
4
1
1
1
4
1
1
1
1
0
0
1
1
0
6
0
0
0
0
0
0
0
8
1
1
0
0
6
1
2
6
1
1
4
1
7
1
1
1
1
1
0
0
1
4
6
6
4
1
1
1
7
4
4
4
1
1
0
0
6
4
6
6
1
0
6
1
7
1
1
1
4
1
0
0
1
1
7
1
1
0
1
1
7
7
7
7
1
1
0
0
0
0
0
0
0
0
6
1
1
1
1
7
1
1
0
0
0
0
0
0
0
0
1
1
1
4
4
7
1
1
0
0
0
0
0
0
0
0
6
1
4
1
1
7
1
1
0
0
0
0
0
0
0
0
1
1
7
7
7
7
1
1
0
0
0
0
2
0
0
0
6
1
7
1
1
1
1
1
0
0
0
0
0
0
0
0
1
1
7
1
4
1
4
1
0
0
0
0
0
0
0
0
6
4
7
1
4
1
1
1
0
0
0
0
0
0
0
0
4
4
7
1
1
4
1
1
0
0
1
1
1
1
1
0
6
1
7
7
1
1
1
1
0
0
6
1
6
6
7
0
1
4
1
7
7
1
1
1
0
0
1
1
6
6
4
4
1
1
4
1
7
7
1
1
0
0
6
1
6
6
1
1
1
1
4
1
1
7
1
1
0
0
1
1
6
6
0
0
5
5
5
5
7
7
1
1
0
0
6
1
6
6
1
1
1
4
7
7
1
7
1
1
0
0
1
1
6
6
1
4
1
1
1
7
7
7
1
1
0
0
6
1
6
6
4
0
0
0
0
0
0
0
1
1
0
0
4
4
4
1
1
0
0
0
0
0
0
0
1
1
1
1
1
1
1
4
1
1
1
1
1
1
1
1
1
