" 27","NEIN","NEIN","JA  ","JA  ","JA  "," 71"
1
1
1
1
1
1
1
1
1
1
1
1
1
1
1
1
1
0
0
0
0
0
0
0
0
0
1
1
5
5
6
1
1
0
0
0
0
0
0
0
0
0
1
5
5
5
6
1
1
0
0
0
4
1
1
1
0
0
7
5
5
5
6
1
1
0
0
0
1
1
4
1
0
0
1
5
5
5
6
1
1
0
0
0
1
4
1
4
0
0
7
5
5
5
6
1
1
0
0
0
0
0
0
0
0
0
1
5
5
5
6
1
1
0
0
7
0
0
0
0
0
0
7
5
5
2
6
1
1
0
0
0
7
0
0
0
0
0
1
5
5
5
6
1
1
0
0
0
0
7
0
0
0
0
7
5
5
5
6
1
1
0
0
0
0
0
7
0
0
0
1
5
5
5
6
1
1
0
0
0
0
0
0
0
0
0
7
5
5
5
6
1
1
0
0
0
0
0
0
0
0
0
1
5
5
5
6
1
1
0
0
0
0
7
0
0
0
0
7
7
5
5
6
1
8
0
0
0
7
2
7
0
0
0
1
7
7
7
6
1
1
0
0
0
0
7
0
0
0
0
7
7
5
5
6
1
1
0
0
0
0
0
0
0
0
0
1
5
5
5
6
1
1
0
0
0
0
0
0
0
0
0
7
5
5
5
6
1
1
0
0
0
0
0
7
0
0
0
1
5
5
5
6
1
1
0
0
0
0
7
0
0
0
0
7
5
5
5
6
1
1
0
0
0
7
0
0
0
0
0
1
5
5
5
6
1
1
0
0
7
0
0
0
0
0
0
7
5
5
2
6
1
1
0
0
0
0
0
0
0
0
0
1
5
5
5
6
1
1
0
0
0
1
1
1
1
0
0
7
5
5
5
6
1
1
0
0
0
4
1
4
1
0
0
1
5
5
5
6
1
1
0
0
0
1
4
1
1
0
0
7
5
5
5
6
1
1
0
0
0
0
0
0
0
0
0
1
5
5
5
6
1
1
0
0
0
0
0
0
0
0
0
1
1
5
5
6
1
1
1
1
1
1
1
1
1
1
1
1
1
1
1
1
1
