" 20","NEIN","NEIN","JA  ","JA  ","NEIN"," 61"
1
1
4
4
1
1
1
1
1
1
1
1
1
1
1
1
1
4
1
1
4
1
7
7
7
7
7
7
7
1
8
1
4
1
1
4
1
7
7
0
0
0
0
0
7
1
7
1
4
4
4
1
7
7
7
0
0
0
0
0
7
1
7
1
1
1
1
7
5
7
7
0
0
0
0
0
7
1
7
1
1
1
7
5
7
7
7
7
7
7
7
7
7
1
7
1
1
7
5
7
5
7
7
7
1
1
1
7
7
1
7
1
1
5
7
5
7
7
7
7
1
5
7
7
1
1
7
1
1
7
5
7
5
7
7
7
1
5
7
7
1
7
7
1
1
5
7
5
7
7
7
7
1
5
7
7
1
7
7
1
1
7
5
7
5
7
7
7
1
5
7
7
1
7
7
1
1
5
7
5
7
7
7
7
1
5
6
7
1
7
7
1
1
7
5
7
5
7
7
7
1
5
6
7
1
7
7
1
1
5
7
5
7
7
7
7
1
5
6
7
1
7
7
1
1
7
5
7
5
7
7
7
1
5
6
7
1
7
7
1
1
5
7
5
7
7
7
7
1
5
6
7
1
7
7
1
1
7
5
7
5
7
7
7
1
5
6
7
1
7
7
1
1
5
7
5
7
1
7
7
1
5
6
1
1
7
7
1
1
7
5
7
7
1
7
7
1
5
6
1
7
7
7
1
1
5
7
7
7
1
7
7
1
5
6
1
7
7
7
1
1
1
1
1
7
1
7
7
1
5
6
1
7
7
7
1
1
6
0
0
0
1
7
7
1
1
1
1
7
7
7
1
1
6
0
0
0
1
5
5
5
5
5
7
7
7
7
1
1
6
0
0
0
1
5
5
5
5
5
7
7
7
7
1
1
6
0
0
0
1
5
5
5
5
5
7
7
7
7
1
1
6
0
0
0
1
5
5
5
5
5
7
7
7
7
1
1
6
0
2
0
1
1
1
5
5
5
7
7
7
7
1
1
6
6
6
6
1
6
7
5
5
5
7
7
7
7
1
1
1
1
1
1
1
1
1
1
1
1
1
1
1
1
1
